2016
727 845
367 268
912 862
679 180
964 339
653 318
566 588
592 863
37 990
124 57
912 834
811 335
728 97
128 545
868 382
656 786
875 2
914 197
707 145
597 781
323 355
832 526
531 892
568 628
731 407
113 756
910 710
96 910
478 714
298 980
859 463
1 668
293 516
690 993
210 1019
837 456
254 565
556 601
197 623
441 439
91 486
866 512
13 118
531 244
325 789
36 985
1014 872
106 346
990 333
791 966
485 860
202 621
896 680
486 414
828 198
368 151
87 583
794 369
174 176
310 791
624 570
888 188
709 309
558 959
337 391
247 61
994 899
696 774
961 327
773 141
762 917
159 262
417 768
601 859
834 273
898 628
489 1012
137 531
125 689
28 986
607 314
572 5
906 993
329 969
63 300
106 387
347 150
739 21
380 120
666 980
608 687
898 1012
517 409
863 30
750 220
424 834
529 994
70 330
471 942
194 585
486 742
717 224
696 195
711 888
458 919
411 43
839 493
606 190
262 449
311 797
40 211
80 254
984 114
793 321
964 62
663 14
723 600
487 12
125 837
21 171
911 981
771 756
753 579
430 1016
469 443
197 132
585 787
805 546
54 335
111 860
300 714
143 340
620 171
584 381
18 576
702 938
945 614
853 948
113 224
733 647
815 215
915 538
128 376
917 940
675 102
573 824
544 168
209 293
573 131
401 302
967 779
864 1004
200 134
128 697
528 957
560 765
449 437
804 359
594 991
110 253
197 235
979 840
683 575
672 448
52 530
204 517
493 93
406 625
243 62
373 595
256 499
852 969
449 912
267 970
287 512
901 422
778 515
300 457
31 958
96 777
1002 924
948 984
378 380
873 242
167 202
416 781
219 812
76 318
406 866
721 614
623 957
911 835
884 187
185 262
71 789
420 157
443 808
738 943
980 106
920 303
1020 854
104 224
717 251
285 593
381 975
735 745
861 368
223 498
836 59
646 603
659 626
3 176
1009 184
261 541
381 810
814 674
1017 132
361 238
712 950
734 940
939 429
308 617
683 605
603 995
806 302
157 553
13 369
208 739
276 156
488 657
343 353
738 870
297 198
215 945
262 297
987 372
913 170
728 941
609 10
353 983
590 298
639 728
192 835
486 638
362 370
528 916
594 775
831 120
450 434
721 944
899 461
911 184
29 949
290 656
525 17
555 999
746 705
796 695
971 365
550 13
676 726
942 828
897 189
320 471
104 402
967 113
331 560
63 515
465 334
894 813
376 962
216 887
520 198
917 28
96 44
157 698
577 750
801 293
356 837
601 991
580 148
58 541
479 457
563 678
119 774
709 972
760 154
963 398
282 949
274 304
530 669
397 812
966 299
752 523
545 127
339 139
176 220
42 692
92 827
992 1024
435 767
275 278
528 1014
152 1011
345 29
951 581
486 87
925 311
892 230
313 416
321 809
270 956
372 626
177 984
854 187
469 460
208 917
130 665
688 131
422 694
115 87
257 230
280 369
545 613
704 846
371 244
628 289
202 107
91 743
131 29
760 493
965 207
70 286
849 812
1012 412
774 238
154 1019
720 583
535 179
82 927
526 629
904 107
203 533
27 558
77 88
657 943
552 793
192 916
107 527
311 729
750 840
821 249
552 855
183 92
370 523
98 971
647 233
94 955
852 846
855 921
159 601
326 923
3 904
503 723
556 387
719 764
972 239
926 390
528 498
368 549
19 355
753 818
673 964
767 129
155 950
189 845
384 156
355 123
795 148
445 399
445 738
123 688
164 970
367 309
459 948
867 992
525 890
602 673
656 795
547 141
670 413
819 207
633 740
413 88
72 351
142 499
472 143
992 422
46 1012
603 292
75 883
778 259
49 293
2 523
38 769
986 418
875 890
550 559
624 404
724 1017
641 658
209 965
68 992
1004 622
833 839
740 732
30 407
269 182
333 215
515 575
908 164
1011 525
960 935
651 170
773 407
733 738
294 957
49 434
485 179
971 750
875 17
792 12
485 919
863 614
478 740
852 727
471 190
244 267
288 745
252 780
86 385
243 60
803 683
650 863
168 842
252 843
1006 109
85 118
832 287
578 1014
666 806
550 488
664 96
229 252
356 968
628 370
485 764
956 488
421 595
101 1004
144 125
981 900
992 789
742 201
440 621
232 981
193 13
447 359
445 533
912 707
213 360
633 657
784 92
244 518
737 409
599 173
655 744
577 969
692 829
336 92
544 854
85 452
887 431
734 259
344 240
790 969
966 27
387 74
41 808
708 779
406 556
244 342
698 896
501 93
107 1023
94 251
104 817
430 319
266 757
113 129
485 1011
624 226
146 399
849 586
8 923
28 226
901 105
56 9
593 887
31 258
979 404
1013 774
263 70
578 89
989 263
279 809
825 533
921 988
818 988
424 903
98 769
779 886
168 177
55 149
128 1013
924 598
924 689
467 580
835 127
436 947
647 255
90 590
21 28
612 611
154 580
536 561
236 636
633 437
9 235
625 604
691 115
128 667
421 1010
405 269
638 345
808 518
965 854
283 42
300 66
483 744
384 947
826 465
538 876
107 406
327 817
615 59
506 664
343 296
142 771
919 415
25 179
26 377
143 572
387 681
890 574
1 159
846 1015
1018 666
943 107
27 784
316 899
522 765
384 549
162 473
34 556
387 295
629 491
837 983
676 987
789 847
344 11
998 226
252 25
703 607
624 669
346 370
571 654
783 544
1022 310
318 281
916 440
590 271
628 318
959 478
834 118
162 322
637 799
599 491
497 585
840 202
440 297
450 583
19 411
57 185
495 923
768 515
809 838
718 810
789 971
80 418
585 658
726 606
459 971
356 505
706 768
191 476
740 1019
99 903
674 527
661 149
314 467
46 541
713 173
547 166
183 515
313 1017
584 152
194 112
961 1009
706 332
135 775
678 242
589 52
839 610
920 286
193 549
314 408
137 494
749 479
70 646
791 589
168 777
337 402
605 591
658 238
86 450
37 473
575 952
314 454
737 996
238 884
687 741
593 930
357 429
451 356
222 279
778 725
865 961
300 476
554 360
111 628
523 371
307 492
165 168
1021 579
346 420
710 529
39 665
948 34
209 410
328 600
664 595
342 669
74 837
466 382
204 588
1015 396
819 379
283 748
423 453
225 118
335 923
68 475
228 132
113 157
811 448
442 334
831 326
266 4
166 789
945 226
557 282
437 555
611 124
259 552
342 576
945 476
451 800
370 984
855 255
466 873
873 975
444 178
242 972
887 795
133 817
149 267
784 642
487 611
817 693
525 609
691 732
868 976
244 794
25 866
44 246
103 898
970 871
370 552
163 460
742 259
638 249
135 911
105 202
534 934
220 400
277 820
481 270
613 49
811 228
160 978
706 306
871 703
37 886
253 34
605 783
696 305
410 812
100 857
356 256
461 40
515 5
607 606
775 496
933 856
270 957
582 390
765 1022
390 598
463 759
103 289
252 311
86 951
764 219
390 167
733 971
695 318
488 413
767 524
176 498
798 872
510 220
643 823
88 617
53 918
1006 511
715 69
813 380
830 205
205 626
123 661
466 877
651 183
34 620
181 1005
896 976
52 259
772 747
773 972
888 126
579 781
813 956
921 384
34 694
88 495
172 384
555 360
838 796
249 228
206 120
937 617
927 494
214 84
965 729
431 1021
220 77
740 904
613 125
900 15
574 781
392 67
416 879
238 53
775 611
471 565
180 246
60 983
594 174
360 652
10 645
5 614
637 461
465 16
731 36
192 262
108 302
128 924
957 907
145 468
743 490
417 674
31 131
583 267
198 225
92 45
520 158
162 572
784 656
800 209
774 399
596 12
635 821
1022 821
467 104
828 871
79 43
468 501
248 355
516 673
109 1024
786 630
442 873
88 92
429 156
919 831
870 404
168 45
980 270
350 363
496 695
456 36
28 666
431 17
437 920
396 62
832 219
233 701
194 345
447 590
786 328
352 82
713 868
867 986
832 712
472 781
416 682
954 318
36 66
875 425
423 179
355 234
151 508
888 454
220 9
703 581
162 583
634 776
740 292
417 554
806 862
545 197
562 366
263 694
722 200
873 366
406 107
134 472
703 631
958 119
681 403
545 647
1022 616
76 365
43 843
882 757
933 526
346 143
799 177
174 381
407 1006
247 787
477 236
944 849
432 879
105 539
387 251
493 139
397 366
99 281
728 776
355 21
900 753
922 315
827 430
156 375
770 367
289 816
89 644
862 583
79 271
784 327
932 52
370 391
756 213
454 109
5 339
382 629
351 618
899 196
158 89
300 271
298 671
707 896
630 832
798 996
780 546
12 897
713 391
709 569
124 117
50 595
623 769
113 385
267 859
211 802
614 437
839 233
32 814
587 298
530 532
46 13
77 829
1000 8
827 932
339 921
144 394
293 745
519 358
550 140
645 740
515 114
326 254
216 786
704 701
44 207
652 456
1010 474
603 1018
1017 567
415 408
82 943
827 856
413 491
70 801
344 417
719 472
1005 931
1020 4
466 323
553 642
244 975
689 258
54 728
89 781
810 207
1017 578
930 132
125 635
727 976
390 163
280 539
488 90
394 851
314 800
519 253
401 760
746 62
630 739
860 729
590 250
691 194
214 987
338 861
302 244
528 349
682 144
985 658
921 166
226 378
274 550
402 358
970 814
601 612
712 909
1013 1012
922 168
880 750
673 369
213 634
231 391
891 416
851 881
674 316
1020 728
840 288
570 891
667 858
507 103
678 306
760 152
620 434
353 982
433 645
933 535
261 508
774 216
566 130
327 403
549 305
996 992
912 630
891 976
33 458
627 865
961 954
694 380
102 190
918 173
642 775
266 209
451 358
523 486
990 530
662 245
820 806
390 201
697 179
174 426
188 628
259 856
222 418
35 127
130 1019
209 513
255 956
84 243
403 20
912 518
1012 883
691 501
703 235
66 647
732 380
40 389
235 1018
68 964
158 753
279 480
983 23
444 197
381 1014
554 213
181 755
111 122
97 999
598 286
209 526
848 299
871 61
307 1000
380 415
612 575
794 619
364 169
986 252
424 56
475 147
181 612
242 874
693 160
119 223
182 669
84 250
688 226
976 57
590 566
348 26
754 725
359 247
340 1000
85 221
222 437
182 750
293 501
753 1011
487 834
798 774
884 566
950 363
343 507
563 18
593 648
729 240
908 947
558 625
774 928
561 319
550 743
864 870
626 347
42 115
803 155
722 280
400 294
943 114
688 986
235 329
73 439
343 226
325 762
1007 522
503 71
861 603
628 308
63 396
782 477
863 833
913 104
515 270
43 479
531 149
769 649
366 420
626 897
813 736
437 368
397 129
190 471
392 759
297 366
985 334
478 817
288 794
1017 474
40 669
760 797
997 269
790 543
862 1021
850 720
289 617
731 614
679 596
61 579
109 387
429 15
172 335
415 239
244 1018
682 1016
401 900
94 628
293 269
346 303
988 471
971 415
214 351
205 3
510 1002
965 733
145 940
226 231
407 389
591 67
760 544
156 597
613 304
209 428
755 143
429 433
446 725
746 316
351 569
730 607
669 438
794 496
215 430
165 865
771 629
177 615
102 697
508 918
217 432
530 918
368 537
973 972
80 566
259 29
360 312
679 974
204 101
556 468
544 355
221 111
846 31
290 170
375 264
528 671
1021 965
495 116
111 71
63 304
968 347
327 217
60 445
150 241
13 472
962 466
149 29
946 597
666 664
843 147
155 511
452 467
646 272
656 983
851 371
579 483
752 939
768 583
958 726
1005 414
457 771
977 500
599 807
646 460
710 811
268 591
296 457
30 150
810 254
30 470
351 274
834 24
426 555
713 743
185 516
944 838
811 810
448 338
394 466
265 165
84 709
482 985
388 416
111 787
321 81
955 234
359 686
555 573
915 248
704 528
782 341
460 600
775 965
243 529
358 42
951 1018
312 187
66 808
764 996
1003 819
209 29
225 618
473 29
708 297
354 538
748 328
348 24
474 922
1017 336
750 603
326 265
804 914
306 515
883 701
250 603
888 96
966 22
732 676
99 629
301 147
638 897
843 63
423 130
274 265
990 937
949 469
342 284
608 390
405 569
331 397
215 648
532 115
114 520
179 112
809 43
462 917
399 900
218 166
967 849
667 22
403 513
569 634
424 840
981 502
349 738
543 790
245 320
1015 999
822 400
291 854
1008 738
428 82
705 480
46 274
808 666
127 313
851 458
303 107
452 758
560 354
632 196
729 53
113 446
879 814
139 739
580 771
429 911
532 574
428 908
36 385
255 18
398 993
427 770
930 831
495 127
993 827
369 315
498 105
100 112
232 378
533 580
24 257
546 875
368 340
650 266
909 626
715 772
857 992
962 804
836 788
145 406
333 127
472 764
243 348
657 1019
764 780
872 636
927 847
231 344
964 806
638 506
886 239
972 72
548 540
42 799
39 748
174 555
720 53
41 5
605 90
807 777
318 5
734 136
660 303
523 507
108 728
32 488
1024 241
523 426
394 606
715 447
477 90
285 102
154 706
957 605
390 326
537 836
645 301
476 281
992 929
242 350
154 600
504 1014
398 272
128 48
898 521
740 442
718 766
247 266
857 873
235 549
912 487
523 632
775 341
920 841
452 835
759 134
906 433
869 816
203 842
83 207
961 393
93 383
666 643
516 105
157 672
346 891
129 1005
675 363
419 811
98 151
489 733
690 59
197 204
435 597
690 297
764 789
650 202
794 703
80 862
417 808
745 780
208 280
657 304
232 178
350 89
614 128
97 695
469 903
127 572
824 362
367 173
452 743
869 399
347 626
287 858
818 1011
929 916
614 280
21 996
95 900
727 752
158 840
859 999
856 318
640 436
401 710
409 1021
835 958
72 908
733 580
121 600
683 380
348 300
869 45
383 943
712 565
748 48
634 728
465 54
960 82
507 509
769 418
973 862
620 375
541 59
865 407
643 817
728 144
1004 102
681 886
899 396
677 556
541 38
459 904
254 445
959 980
692 806
549 398
36 382
115 865
666 464
674 301
94 73
877 818
96 195
212 145
182 717
969 415
816 324
163 402
363 944
692 358
618 358
755 517
362 934
94 162
550 349
480 983
783 777
333 890
75 484
567 435
503 170
647 372
650 770
510 614
112 300
926 283
726 573
331 1017
468 1010
444 78
580 878
103 98
295 82
384 276
521 589
951 57
662 674
752 439
993 142
846 759
609 793
640 373
313 323
517 783
131 594
329 927
1001 770
369 416
70 165
945 264
598 562
997 377
875 951
526 856
257 228
758 817
552 168
605 299
337 697
932 72
630 415
63 380
627 350
213 143
666 466
87 465
163 298
659 1019
5 1017
826 402
662 773
288 110
781 338
135 653
87 768
694 224
258 28
820 1011
426 264
408 800
310 897
629 999
868 262
177 986
730 596
419 48
654 817
724 316
655 786
378 165
514 782
509 594
760 127
879 763
173 443
998 453
1001 742
993 626
1017 274
397 141
437 714
676 767
614 794
557 829
953 402
111 1007
867 641
450 603
676 532
571 934
440 861
47 358
238 666
499 581
208 401
868 486
152 11
910 762
263 415
697 303
489 227
445 367
995 447
76 417
736 318
367 333
577 995
86 313
184 203
882 353
181 509
742 690
797 320
492 184
372 638
421 934
787 41
99 225
550 505
364 667
225 178
165 665
216 419
978 654
1018 124
433 89
771 763
997 251
586 392
997 37
680 612
508 65
20 833
24 467
343 81
182 986
535 156
479 879
561 417
992 821
923 686
304 931
345 51
37 908
253 765
702 154
308 388
346 873
859 866
824 43
527 41
188 616
987 901
778 991
145 636
95 378
520 422
706 573
510 678
1 866
556 405
481 497
550 808
374 468
394 369
42 922
835 513
216 540
866 63
940 66
249 582
662 701
273 807
505 842
800 296
7 251
226 616
232 923
638 207
765 296
566 867
620 57
911 922
628 679
931 388
170 896
792 206
440 113
433 394
968 69
749 114
231 356
64 712
841 314
460 868
73 120
603 368
768 277
985 247
850 858
819 529
701 155
665 818
717 679
384 617
596 896
2 972
893 736
60 886
953 321
685 995
193 389
915 455
426 941
534 935
462 956
317 867
917 811
85 146
676 991
724 221
487 801
460 576
880 575
414 164
134 523
391 396
420 126
36 220
257 815
891 276
56 183
588 1004
162 345
774 121
122 645
151 576
273 851
300 825
734 236
588 326
760 989
639 118
514 446
435 204
373 392
626 497
495 147
920 442
699 503
847 220
406 671
767 81
382 219
973 987
932 136
274 89
976 196
300 10
320 689
758 140
289 670
499 848
932 578
538 874
762 863
696 873
440 207
563 599
871 1022
695 624
157 673
22 66
143 351
178 806
431 754
264 971
775 724
1008 675
69 121
376 194
816 964
931 413
118 263
135 116
440 560
933 78
975 309
944 114
745 225
929 1001
472 369
560 673
525 831
679 732
174 863
369 537
417 960
625 169
125 145
234 18
545 1001
159 453
629 695
123 378
604 253
805 325
664 248
276 775
614 56
628 731
211 557
306 868
992 92
772 663
116 335
835 741
595 764
175 805
780 909
478 1011
466 582
462 406
143 929
885 863
858 745
193 1009
257 932
357 525
262 337
462 915
235 6
714 776
776 590
560 321
19 794
731 558
630 609
560 424
557 928
285 670
667 464
721 151
604 526
910 799
781 916
996 412
30 962
573 579
605 853
793 1012
190 779
636 651
68 456
563 503
572 807
117 589
962 800
240 526
253 46
229 661
710 808
186 445
250 368
811 155
392 610
753 278
412 581
288 418
889 948
465 230
1021 871
598 968
145 703
358 958
158 372
929 566
203 796
464 895
632 402
815 252
375 869
799 664
418 545
633 267
624 932
61 500
366 523
475 733
73 157
1021 591
374 570
498 318
658 344
892 123
118 82
67 599
868 957
75 439
939 238
676 548
907 13
404 448
745 105
574 973
48 743
748 160
619 839
240 510
680 835
858 587
768 1005
229 1020
582 550
58 765
799 1004
50 485
547 762
848 987
870 462
669 333
585 847
153 539
392 576
466 997
687 821
710 1024
771 942
958 372
758 490
604 54
95 639
256 971
854 422
825 958
514 1016
515 241
34 1
1000 545
415 752
502 587
708 270
435 309
448 385
127 1006
223 858
494 234
490 645
540 924
206 540
344 963
329 438
345 663
808 326
923 43
142 796
390 127
851 435
711 276
64 838
446 94
684 210
920 181
826 525
754 762
555 385
389 396
538 404
534 851
950 289
573 808
